iter      cost      cost_change  |gradient|   |step|    tr_ratio  tr_radius  ls_iter  iter_time  total_time
   0  4.127129e+13    0.00e+00    7.62e+11   0.00e+00   0.00e+00  1.00e+04        0    1.15e-02    1.31e-02
   1  5.309816e+12    3.60e+13    1.15e+11   1.49e+02   8.77e-01  1.75e+04        1    1.63e-02    3.10e-02
   2  4.299751e+11    4.88e+12    1.31e+10   7.99e+01   9.27e-01  4.63e+04        1    1.15e-02    4.30e-02
   3  4.911178e+10    3.81e+11    2.46e+09   4.60e+01   9.06e-01  9.99e+04        1    1.23e-02    5.56e-02
   4  3.502569e+10    1.41e+10    1.73e+09   3.60e+01   3.54e-01  9.75e+04        1    1.53e-02    7.12e-02
   5  4.756501e+10   -1.25e+10    0.00e+00   3.50e+01  -5.95e-01  4.87e+04        1    1.21e-03    7.30e-02
   6  4.756352e+10   -1.25e+10    0.00e+00   3.50e+01  -5.95e-01  1.22e+04        1    9.02e-04    7.42e-02
   7  4.755459e+10   -1.25e+10    0.00e+00   3.50e+01  -5.95e-01  1.52e+03        1    1.02e-03    7.55e-02
   8  4.747144e+10   -1.24e+10    0.00e+00   3.50e+01  -5.91e-01  9.52e+01        1    1.11e-03    7.70e-02
   9  4.610750e+10   -1.11e+10    0.00e+00   3.43e+01  -5.26e-01  2.97e+00        1    1.27e-03    7.85e-02
  10  2.956222e+10    5.46e+09    2.39e+09   2.10e+01   3.06e-01  2.81e+00        1    1.39e-02    9.27e-02
  11  2.866006e+10    9.02e+08    1.54e+09   1.30e+01   1.36e-01  2.03e+00        1    1.07e-02    1.04e-01
  12  2.781578e+10    8.44e+08    1.66e+09   9.42e+00   2.04e-01  1.68e+00        1    1.12e-02    1.15e-01
  13  2.726070e+10    5.55e+08    8.36e+08   5.35e+00   3.05e-01  1.58e+00        1    1.04e-02    1.26e-01
  14  2.712531e+10    1.35e+08    5.95e+08   2.76e+00   2.64e-01  1.43e+00        1    1.07e-02    1.37e-01
  15  2.706998e+10    5.53e+07    2.90e+08   1.35e+00   3.36e-01  1.38e+00        1    1.06e-02    1.48e-01
  16  2.705760e+10    1.24e+07    1.50e+08   6.11e-01   3.33e-01  1.33e+00        1    1.19e-02    1.60e-01
  17  2.705455e+10    3.04e+06    6.77e+07   2.66e-01   3.62e-01  1.31e+00        1    1.08e-02    1.71e-01
  18  2.705395e+10    6.04e+05    3.03e+07   1.13e-01   3.69e-01  1.28e+00        1    1.01e-02    1.82e-01
  19  2.705383e+10    1.17e+05    1.28e+07   4.69e-02   3.81e-01  1.27e+00        1    1.07e-02    1.93e-01
Ceres Solver Report: Iterations: 20, Initial cost: 4.127129e+13, Final cost: 2.705383e+10, Termination: CONVERGENCE
Initial deg: 40 tx: 1000        ty: 500
Final deg: 42.1566      tx: 1247.04     ty: 509.091